 -3.44444400e-02 3.30000000e-04 0.00000000e+00
 -3.44444400e-02 5.00000000e-04 0.00000000e+00
 -2.33333300e-02 6.60000000e-04 0.00000000e+00
 -2.33333300e-02 8.30000000e-04 0.00000000e+00
 -2.77777800e-02 1.00000000e-03 0.00000000e+00
 -2.77777800e-02 1.16000000e-03 0.00000000e+00
 -2.77777800e-02 1.33000000e-03 0.00000000e+00
 -2.88888900e-02 1.50000000e-03 0.00000000e+00
 -2.88888900e-02 1.66000000e-03 0.00000000e+00
 -2.55555600e-02 1.83000000e-03 0.00000000e+00
 -2.55555600e-02 2.00000000e-03 0.00000000e+00
 -2.11111100e-02 2.16000000e-03 0.00000000e+00
 -2.11111100e-02 2.33000000e-03 0.00000000e+00
 -2.44444500e-02 2.50000000e-03 0.00000000e+00
 -2.44444500e-02 2.66000000e-03 0.00000000e+00
 -2.44444500e-02 2.83000000e-03 0.00000000e+00
 -2.22222200e-02 3.00000000e-03 0.00000000e+00
 -2.22222200e-02 3.16000000e-03 0.00000000e+00
 -2.11111100e-02 3.33000000e-03 0.00000000e+00
 -2.11111100e-02 3.50000000e-03 0.00000000e+00
 -2.11111100e-02 3.66000000e-03 0.00000000e+00
 -2.11111100e-02 3.83000000e-03 0.00000000e+00
 -2.11111100e-02 4.00000000e-03 0.00000000e+00
 -2.00000000e-02 4.16000000e-03 0.00000000e+00
 -2.00000000e-02 4.33000000e-03 0.00000000e+00
 -2.00000000e-02 4.50000000e-03 0.00000000e+00
 -2.00000000e-02 4.66000000e-03 0.00000000e+00
 -1.44444400e-02 4.83000000e-03 0.00000000e+00
 -1.44444400e-02 5.00000000e-03 0.00000000e+00
 -1.44444400e-02 5.16000000e-03 0.00000000e+00
 -2.00000000e-02 5.33000000e-03 0.00000000e+00
 -2.00000000e-02 5.50000000e-03 0.00000000e+00
 -1.55555600e-02 5.66000000e-03 0.00000000e+00
 -1.55555600e-02 5.83000000e-03 0.00000000e+00
 -2.22222200e-02 6.00000000e-03 0.00000000e+00
 -2.22222200e-02 6.16000000e-03 0.00000000e+00
 -1.66666700e-02 6.33000000e-03 0.00000000e+00
 -1.66666700e-02 6.50000000e-03 0.00000000e+00
 -1.66666700e-02 6.66000000e-03 0.00000000e+00
 -2.33333300e-02 6.83000000e-03 0.00000000e+00
 -2.33333300e-02 7.00000000e-03 0.00000000e+00
 -2.22222200e-02 7.16000000e-03 0.00000000e+00
 -2.22222200e-02 7.33000000e-03 0.00000000e+00
 -2.11111100e-02 7.50000000e-03 0.00000000e+00
 -2.11111100e-02 7.66000000e-03 0.00000000e+00
 -2.11111100e-02 7.83000000e-03 0.00000000e+00
 -2.00000000e-02 8.00000000e-03 0.00000000e+00
 -2.00000000e-02 8.16000000e-03 0.00000000e+00
 -2.11111100e-02 8.33000000e-03 0.00000000e+00
 -2.11111100e-02 8.50000000e-03 0.00000000e+00
 -1.88888900e-02 8.66000000e-03 0.00000000e+00
 -1.88888900e-02 8.83000000e-03 0.00000000e+00
 -1.88888900e-02 9.00000000e-03 0.00000000e+00
 -1.88888900e-02 9.16000000e-03 0.00000000e+00
 -1.88888900e-02 9.33000000e-03 0.00000000e+00
 -1.77777800e-02 9.50000000e-03 0.00000000e+00
 -1.77777800e-02 9.66000000e-03 0.00000000e+00
 -1.77777800e-02 9.83000000e-03 0.00000000e+00
 -1.77777800e-02 1.00000000e-02 0.00000000e+00

