 -5.55555600e-02 3.00000000e-04 0.00000000e+00
 -3.66666700e-02 6.00000000e-04 0.00000000e+00
 -3.66666700e-02 9.00000000e-04 0.00000000e+00
 -4.77777800e-02 1.20000000e-03 0.00000000e+00
 -4.00000000e-02 1.50000000e-03 0.00000000e+00
 -4.77777800e-02 1.80000000e-03 0.00000000e+00
 -4.77777800e-02 2.10000000e-03 0.00000000e+00
 -4.22222200e-02 2.40000000e-03 0.00000000e+00
 -4.88888900e-02 2.70000000e-03 0.00000000e+00
 -4.00000000e-02 3.00000000e-03 0.00000000e+00
 -4.66666700e-02 3.30000000e-03 0.00000000e+00
 -4.66666700e-02 3.60000000e-03 0.00000000e+00
 -3.77777800e-02 3.90000000e-03 0.00000000e+00
 -4.77777800e-02 4.20000000e-03 0.00000000e+00
 -4.88888900e-02 4.50000000e-03 0.00000000e+00
 -4.88888900e-02 4.80000000e-03 0.00000000e+00
 -4.88888900e-02 5.10000000e-03 0.00000000e+00
 -4.44444500e-02 5.40000000e-03 0.00000000e+00
 -5.11111100e-02 5.70000000e-03 0.00000000e+00
 -4.88888900e-02 6.00000000e-03 0.00000000e+00
 -4.88888900e-02 6.30000000e-03 0.00000000e+00
 -5.00000000e-02 6.60000000e-03 0.00000000e+00
 -4.77777800e-02 6.90000000e-03 0.00000000e+00
 -5.11111100e-02 7.20000000e-03 0.00000000e+00
 -5.11111100e-02 7.50000000e-03 0.00000000e+00
 -5.11111100e-02 7.80000000e-03 0.00000000e+00
 -5.33333300e-02 8.10000000e-03 0.00000000e+00
 -4.88888900e-02 8.40000000e-03 0.00000000e+00
 -5.33333300e-02 8.70000000e-03 0.00000000e+00
 -5.44444400e-02 9.00000000e-03 0.00000000e+00
 -4.77777800e-02 9.30000000e-03 0.00000000e+00
 -5.22222200e-02 9.60000000e-03 0.00000000e+00
 -5.22222200e-02 9.90000000e-03 0.00000000e+00
 -5.11111100e-02 1.02000000e-02 0.00000000e+00
 -5.11111100e-02 1.05000000e-02 0.00000000e+00
 -5.66666700e-02 1.08000000e-02 0.00000000e+00
 -5.33333300e-02 1.11000000e-02 0.00000000e+00
 -5.11111100e-02 1.14000000e-02 0.00000000e+00
 -5.55555600e-02 1.17000000e-02 0.00000000e+00
 -5.55555600e-02 1.20000000e-02 0.00000000e+00
 -5.66666700e-02 1.23000000e-02 0.00000000e+00
 -6.00000000e-02 1.26000000e-02 0.00000000e+00
 -5.77777800e-02 1.29000000e-02 0.00000000e+00
 -5.77777800e-02 1.32000000e-02 0.00000000e+00
 -5.66666700e-02 1.35000000e-02 0.00000000e+00
 -6.11111100e-02 1.38000000e-02 0.00000000e+00
 -5.55555600e-02 1.41000000e-02 0.00000000e+00
 -5.33333300e-02 1.44000000e-02 0.00000000e+00
 -5.33333300e-02 1.47000000e-02 0.00000000e+00
 -5.55555600e-02 1.50000000e-02 0.00000000e+00

