 -9.88888900e-02 1.50000000e-03 0.00000000e+00
 -9.77777800e-02 1.80000000e-03 0.00000000e+00
 -9.77777800e-02 2.10000000e-03 0.00000000e+00
 -9.88888900e-02 2.40000000e-03 0.00000000e+00
 -8.00000000e-02 2.70000000e-03 0.00000000e+00
 -7.77777800e-02 3.00000000e-03 0.00000000e+00
 -7.77777800e-02 3.30000000e-03 0.00000000e+00
 -7.77777800e-02 3.60000000e-03 0.00000000e+00
 -7.88888900e-02 3.90000000e-03 0.00000000e+00
 -8.22222200e-02 4.50000000e-03 0.00000000e+00
 -6.00000000e-02 4.80000000e-03 0.00000000e+00
 -6.00000000e-02 5.10000000e-03 0.00000000e+00
 -7.00000000e-02 5.70000000e-03 0.00000000e+00
 -6.44444500e-02 6.00000000e-03 0.00000000e+00
 -6.44444500e-02 6.30000000e-03 0.00000000e+00
 -6.44444500e-02 6.60000000e-03 0.00000000e+00
 -6.66666600e-02 6.90000000e-03 0.00000000e+00
 -6.22222200e-02 7.20000000e-03 0.00000000e+00
 -6.00000000e-02 7.50000000e-03 0.00000000e+00
 -6.00000000e-02 7.80000000e-03 0.00000000e+00
 -6.33333300e-02 8.10000000e-03 0.00000000e+00
 -6.00000000e-02 8.40000000e-03 0.00000000e+00
 -6.11111100e-02 8.70000000e-03 0.00000000e+00
 -6.11111100e-02 9.00000000e-03 0.00000000e+00
 -6.11111100e-02 9.30000000e-03 0.00000000e+00
 -6.22222200e-02 9.60000000e-03 0.00000000e+00
 -6.33333300e-02 9.90000000e-03 0.00000000e+00
 -6.55555600e-02 1.02000000e-02 0.00000000e+00
 -6.55555600e-02 1.05000000e-02 0.00000000e+00
 -6.55555600e-02 1.08000000e-02 0.00000000e+00
 -7.22222300e-02 1.11000000e-02 0.00000000e+00
 -6.88888900e-02 1.14000000e-02 0.00000000e+00
 -6.66666600e-02 1.17000000e-02 0.00000000e+00
 -6.66666600e-02 1.20000000e-02 0.00000000e+00
 -6.88888900e-02 1.23000000e-02 0.00000000e+00
 -7.77777800e-02 1.26000000e-02 0.00000000e+00
 -6.77777800e-02 1.29000000e-02 0.00000000e+00
 -6.77777800e-02 1.32000000e-02 0.00000000e+00
 -7.66666700e-02 1.35000000e-02 0.00000000e+00
 -6.77777800e-02 1.38000000e-02 0.00000000e+00
 -6.88888900e-02 1.41000000e-02 0.00000000e+00
 -6.88888900e-02 1.44000000e-02 0.00000000e+00
 -6.88888900e-02 1.47000000e-02 0.00000000e+00
 -7.22222300e-02 1.50000000e-02 0.00000000e+00

